function fw = m_te(x)
    fw = 13.5001.*x.^(-1.5382)+23.7332;
end