function f_x = pjsh_q(x)
    % 定义多项式拟合的系数
    p1 = -2.6895;
    p2 = 40.3621;
    p3 = -231.2769;
    p4 = 649.6869;
    p5 = -993.8308;
    p6 = 1.0591e+03;

    % 根据五次多项式公式计算 f(x)
    f_x = p1 * x.^5 + p2 * x.^4 + p3 * x.^3 + p4 * x.^2 + p5 * x + p6;
end
